24 30
29 21 21 21 21 21 21 21 21 21 21 21 21 21 21 21 21 21 21 21 21 21 21 30
23 16 16 16 16 16 16 16 16 16 16 16 16 16 16 16 16 16 16 16 16 16 16 24
23 16 16 16 16 16 16 16 16 16 16 16 16 16 16 16 16 16 16 16 16 16 16 24
23 16 16 16 16 16 16 16 16 16 16 16 16 16 16 16 16 16 16 16 16 16 16 24
23 16 16 16 16 16 16 16 16 16 16 16 16 16 16 16 16 16 16 16 16 16 16 24
23 16 16 16 16 16 16 16 16 16 16 16 16 16 16 16 16 16 16 16 16 16 16 24
23 16 16 16 16 16 16 16 16 16 16 16 16 16 16 16 16 16 16 16 16 16 16 24
23 16 16 16 16 16 16 16 16 16 16 16 16 16 16 16 16 16 16 16 16 16 16 24
23 16 36 22 49 18 48 22 22 22 22 22 22 22 49 18 48 22 35 16 16 16 16 24
23 16 44 10 9 14 13 10 2 2 2 2 2 145 12 15 8 11 46 16 16 16 16 24
23 16 20 13 10 9 14 13 10 2 2 2 11 148 15 8 11 12 19 16 16 16 16 24
23 16 45 14 13 10 9 14 13 10 2 11 12 171 8 11 12 15 47 16 16 16 16 24
23 16 24 9 167 13 10 9 14 13 5 12 15 8 11 12 15 8 23 16 16 16 16 24
23 16 24 2 102 0 7 2 9 14 0 15 8 2 6 0 7 2 23 16 16 16 16 24
23 16 24 11 147 15 8 2 11 12 1 13 10 2 9 14 13 10 23 16 16 16 16 24
23 16 44 12 15 8 3 11 12 15 4 14 13 10 2 128 14 13 46 16 16 16 16 24
23 16 20 15 8 3 11 12 15 8 2 9 14 13 10 70 9 14 19 16 16 16 16 24
23 16 45 8 3 11 12 15 8 3 2 3 9 14 13 131 2 9 47 16 16 16 16 24
23 16 34 21 21 42 17 43 30 2 3 3 29 42 17 43 21 21 33 16 16 16 16 34
23 16 16 16 16 16 16 16 24 71 2 72 23 16 16 16 16 16 16 16 16 16 16 16
23 16 16 16 16 16 16 16 24 75 2 76 23 16 16 16 16 16 16 16 16 16 16 16
23 16 16 16 16 16 16 16 24 3 2 77 23 16 16 16 16 16 16 16 16 16 16 16
23 16 16 16 16 16 16 16 24 3 2 75 23 16 16 16 16 16 16 16 16 16 16 36
23 16 16 16 16 16 16 16 24 80 2 2 23 16 16 16 16 16 16 16 16 16 16 24
23 16 16 16 16 16 16 16 24 141 5 135 23 16 16 16 16 16 16 16 16 16 16 24
23 16 16 16 16 16 16 16 44 149 1 156 46 16 16 16 16 16 16 16 16 16 16 24
23 16 16 16 16 16 16 16 20 54 41 53 19 16 16 16 16 16 16 16 16 16 16 24
23 16 16 16 16 16 16 16 20 59 1 59 19 16 16 16 16 16 16 16 16 16 16 24
23 16 16 16 16 16 16 16 38 17 17 17 37 16 16 16 16 16 16 16 16 16 16 24
31 22 22 22 22 22 22 22 22 22 22 22 22 22 22 22 22 22 22 22 22 22 22 32