24 30
29 21 21 21 21 21 21 21 21 21 21 21 21 21 21 21 21 21 21 21 21 21 21 30
23 16 16 16 16 16 16 16 16 16 16 16 16 16 16 16 16 16 16 16 16 16 16 24
23 16 16 16 16 16 16 16 16 16 16 16 16 16 16 16 16 16 16 16 16 16 16 24
23 16 16 16 16 16 16 16 16 16 16 16 16 16 16 16 16 16 16 16 16 16 16 24
23 16 16 16 16 16 16 16 16 16 16 16 16 16 16 16 16 16 16 16 16 16 16 24
23 16 16 16 16 16 16 16 16 16 16 16 16 16 16 16 16 16 16 16 16 16 16 24
23 16 16 16 16 16 16 16 16 16 16 16 16 16 16 16 16 16 16 16 16 16 16 24
23 16 16 16 16 16 16 16 16 16 16 16 16 16 16 16 16 16 16 16 16 16 16 24
23 16 16 16 16 16 16 16 16 16 16 16 16 16 16 16 16 16 16 16 16 16 16 24
23 16 16 16 16 16 16 16 16 16 16 16 16 16 16 16 16 16 16 16 16 16 16 24
23 16 16 16 16 16 16 16 16 16 16 16 16 16 16 16 16 16 16 16 16 16 16 24
23 16 16 16 16 16 16 16 16 16 16 16 16 16 16 16 16 16 16 16 16 16 16 16
23 16 16 16 16 16 16 16 16 16 16 16 16 16 16 16 16 16 16 16 16 16 16 24
23 16 16 16 16 16 16 16 16 16 16 16 16 16 16 16 16 16 16 16 16 16 16 16
23 16 16 16 16 16 16 16 16 16 16 16 16 16 16 16 16 16 16 16 16 16 16 24
23 16 16 16 16 16 16 16 16 16 16 16 16 16 16 16 16 16 16 16 16 16 16 24
23 16 16 16 16 16 16 16 16 16 16 16 16 16 16 16 16 16 16 16 16 16 16 24
23 16 16 16 16 16 16 16 16 16 16 16 16 16 16 16 16 16 16 16 16 16 16 24
23 40 18 18 18 18 18 18 18 18 18 18 39 40 18 18 18 22 22 22 22 22 35 34
23 20 2 2 2 2 2 2 2 2 2 2 27 28 2 2 2 2 2 2 2 2 31 35
23 20 2 2 2 2 2 2 2 2 2 2 3 3 3 3 2 2 2 2 2 2 13 23
23 20 2 2 2 2 2 2 2 2 2 2 3 3 2 2 2 2 2 2 2 2 25 33
23 38 17 21 21 21 17 17 26 2 2 2 2 3 2 29 30 2 2 2 2 2 19 36
23 16 16 2 2 2 2 16 24 3 3 3 3 3 2 31 32 2 2 2 2 2 19 24
23 16 2 16 16 16 2 16 24 3 3 3 3 3 3 3 25 17 17 17 17 17 37 24
23 16 16 16 16 2 2 16 20 3 2 3 3 2 3 3 19 16 16 16 16 16 16 24
23 16 16 16 2 2 16 16 20 3 2 2 2 2 2 3 19 16 16 16 16 16 16 24
23 16 16 2 2 16 16 16 20 3 3 3 3 2 2 2 19 16 16 16 16 16 16 24
23 16 2 2 2 2 2 2 38 17 17 17 17 17 17 17 37 16 16 16 16 16 16 24
31 22 22 22 22 22 22 22 22 22 22 22 22 22 22 22 22 22 22 22 22 22 22 32