24 30
16 40 18 18 18 18 18 18 18 48 22 22 49 18 39 16 16 40 18 18 18 18 18 39
16 38 26 1 1 1 0 1 1 13 10 2 6 0 27 18 18 28 1 177 4 14 1 19
16 16 38 26 1 0 1 25 17 17 43 21 42 26 0 1 1 15 14 109 11 12 1 19
16 40 39 20 1 25 17 37 16 40 48 35 16 38 26 1 0 7 6 108 104 25 26 19
40 28 27 28 1 27 39 16 16 38 43 33 16 16 38 26 0 7 9 114 102 19 38 37
20 1 1 1 1 0 27 48 49 39 16 16 16 16 16 20 1 7 3 3 99 19 40 39
20 25 17 17 26 1 15 8 6 27 39 16 16 16 16 38 26 13 5 10 6 27 28 19
20 27 39 16 38 26 7 11 12 1 27 39 16 16 16 16 38 17 26 13 12 0 1 19
20 1 19 16 16 38 43 42 26 0 1 19 16 16 16 16 40 18 28 1 25 17 17 37
20 1 27 39 16 16 40 18 28 1 0 19 16 16 40 18 28 0 0 1 19 16 16 16
20 1 1 27 39 40 28 0 1 0 25 37 16 16 38 17 17 17 26 0 19 16 16 16
38 26 1 1 27 28 0 1 25 17 37 16 16 16 16 16 16 40 28 1 19 16 16 16
16 38 17 26 1 25 26 25 37 16 16 16 16 16 16 40 18 28 1 1 27 18 39 16
16 16 16 45 4 47 38 37 16 16 16 16 40 18 18 28 15 4 14 1 1 1 27 39
16 16 16 24 3 31 22 35 16 16 16 16 20 25 26 1 13 10 6 0 0 1 1 19
16 16 16 34 30 3 3 23 16 40 18 39 20 27 28 1 1 160 12 0 1 1 25 37
16 16 16 16 24 3 3 31 35 20 1 19 38 26 1 0 1 54 1 1 1 25 37 16
16 16 16 16 34 21 30 3 23 38 17 37 16 38 26 1 0 51 15 4 14 27 18 39
16 40 18 48 22 22 32 11 46 16 16 16 16 16 20 0 1 15 120 11 12 41 25 37
40 28 1 7 3 11 5 12 27 39 16 16 16 16 38 26 1 7 66 6 25 17 37 16
20 1 25 43 21 42 17 26 1 27 39 16 16 16 16 38 17 43 21 42 37 16 16 16
20 0 27 18 39 40 18 28 0 25 37 16 16 16 16 16 16 16 16 16 16 16 16 16
20 1 25 26 27 28 1 65 1 27 18 18 18 39 16 16 16 40 18 18 18 39 16 16
20 1 19 20 25 26 1 52 0 25 26 1 1 27 48 22 49 28 25 17 26 27 18 39
20 0 27 28 27 28 0 52 1 19 38 17 26 1 7 2 104 1 27 18 28 25 26 19
38 26 0 1 1 1 1 58 57 27 48 35 20 0 7 11 148 0 25 17 26 27 28 19
16 38 26 1 1 1 15 14 50 25 43 33 38 26 13 12 51 1 19 40 28 0 1 19
16 16 20 1 15 14 13 12 1 19 16 16 16 38 26 15 14 1 27 28 0 1 1 19
16 16 38 26 7 9 14 25 17 37 16 16 16 16 38 43 42 26 1 1 25 17 17 37
16 16 16 38 43 21 42 37 16 16 16 16 16 16 16 16 16 38 17 17 37 16 16 16