24 30
29 21 21 21 21 21 21 21 21 21 21 21 21 21 21 21 21 21 21 21 21 21 21 30
23 16 16 16 16 16 16 16 16 16 16 16 16 16 16 16 16 16 16 16 16 16 16 24
23 16 16 16 16 16 16 16 16 16 16 16 16 16 16 16 16 16 16 16 16 16 16 24
23 16 16 16 16 16 16 16 16 16 16 16 16 16 16 16 16 16 16 16 16 16 16 24
23 16 16 16 16 16 16 16 16 16 16 16 16 16 16 16 16 16 16 16 16 16 16 24
23 16 16 16 16 16 16 16 16 16 16 16 16 16 16 16 16 16 16 16 16 16 16 24
23 16 16 16 16 16 16 16 16 16 16 16 16 16 16 16 16 16 16 16 16 16 16 24
23 16 16 16 16 16 16 16 16 16 16 16 16 16 16 16 16 16 16 16 16 16 16 24
23 16 16 16 16 16 16 16 16 16 16 16 16 16 16 16 16 16 16 16 16 16 16 24
23 16 16 16 16 16 16 16 16 16 16 16 16 16 16 16 16 16 16 16 16 16 16 24
23 16 16 16 16 16 16 16 16 16 16 16 16 16 16 16 16 16 16 16 16 16 16 24
23 16 16 16 16 16 16 16 16 16 16 16 16 16 16 16 16 16 16 16 16 16 16 24
23 16 16 16 16 16 16 16 16 40 18 18 18 18 18 18 39 16 16 16 16 16 16 24
23 16 16 16 16 16 16 16 16 20 0 1 0 1 0 0 19 16 16 16 16 16 16 24
23 16 16 16 16 16 16 16 16 20 1 1 1 1 1 0 19 16 16 16 16 16 16 24
23 16 16 16 16 16 16 16 16 20 0 1 1 0 1 1 19 16 16 16 16 16 16 24
23 16 16 16 16 16 16 16 16 20 1 0 1 1 0 0 19 16 16 16 16 16 16 24
23 16 16 16 16 16 16 16 16 38 26 15 4 4 14 25 37 16 16 16 16 16 16 24
23 16 40 18 18 18 18 18 39 16 20 7 3 3 6 19 16 40 48 22 49 18 39 34
23 16 20 15 4 14 1 0 27 39 20 7 11 10 6 19 40 28 7 11 12 1 19 16
23 16 20 13 5 12 0 15 14 27 28 13 12 13 12 27 28 0 13 12 1 0 19 16
23 16 20 0 1 1 15 8 6 0 1 1 1 1 1 1 0 1 0 1 0 1 19 16
23 16 20 1 15 4 8 11 12 25 26 0 0 15 14 25 26 0 1 15 4 14 19 36
23 16 20 1 13 5 5 12 25 37 20 15 4 8 9 47 38 26 1 13 5 12 19 24
23 16 38 17 17 17 17 17 37 16 45 8 11 5 10 23 16 38 17 17 17 17 37 24
23 16 16 16 16 16 16 16 16 16 24 11 12 0 7 23 16 16 16 16 16 16 16 24
23 16 16 16 16 16 16 16 16 16 44 12 0 15 8 23 16 16 16 16 16 16 16 24
23 16 16 16 16 16 16 16 16 16 20 1 1 13 10 23 16 16 16 16 16 16 16 24
23 16 16 16 16 16 16 16 16 16 38 17 17 17 43 33 16 16 16 16 16 16 16 24
31 22 22 22 22 22 22 22 22 22 22 22 22 22 22 22 22 22 22 22 22 22 22 32