24 30
29 21 21 21 21 21 21 21 21 21 21 21 21 21 21 21 21 21 21 21 21 21 21 30
23 16 16 16 16 16 16 16 16 16 16 16 16 16 16 16 16 16 16 16 16 16 16 24
23 16 16 16 16 16 16 16 16 16 16 16 16 16 16 16 16 16 16 16 16 16 16 24
23 16 16 16 16 16 16 16 16 16 16 16 16 16 16 16 16 16 16 16 16 16 16 24
23 16 16 16 16 16 16 16 16 16 16 16 16 16 16 16 16 16 16 16 16 16 16 24
23 16 16 16 16 16 16 16 16 16 16 16 16 16 16 16 16 16 16 16 16 16 16 24
23 16 16 16 16 16 16 16 16 16 16 16 16 16 16 16 16 16 16 16 16 16 16 24
23 16 16 16 16 16 16 16 16 16 16 16 16 16 16 16 16 16 16 16 16 16 16 24
23 16 16 16 16 16 16 16 16 16 16 16 16 16 16 16 16 16 16 16 16 16 16 24
23 16 16 16 16 16 16 16 16 16 16 16 16 16 16 16 16 16 16 16 16 16 16 24
23 16 16 16 16 16 16 16 16 16 16 16 16 16 16 16 16 16 16 16 16 16 16 24
23 16 16 16 16 16 16 16 16 16 16 16 16 16 16 16 16 16 16 16 16 16 16 16
23 16 16 16 16 16 16 16 16 16 16 16 16 16 16 16 16 16 16 16 16 16 16 24
23 16 16 16 16 16 16 16 16 16 16 16 16 16 16 16 16 16 16 16 16 16 16 16
23 16 16 16 16 16 16 16 16 16 16 16 16 16 16 16 16 16 16 16 16 16 16 24
23 16 16 16 16 16 16 16 16 16 16 16 16 16 16 16 16 16 16 16 16 16 16 24
23 16 16 16 16 16 16 16 16 16 16 16 16 16 16 16 16 16 16 16 16 16 16 24
23 16 16 16 16 16 16 16 16 16 16 40 39 40 39 16 16 16 16 16 16 16 16 24
23 40 18 18 18 18 18 18 18 18 18 28 27 28 27 18 18 18 18 18 18 18 39 34
23 20 15 14 1 1 0 1 1 1 0 0 0 177 4 14 1 15 4 14 0 1 27 39
23 20 7 9 14 0 1 0 0 0 0 0 15 114 11 12 1 13 10 6 1 1 0 19
23 20 13 5 12 1 1 1 1 55 0 0 7 11 12 1 1 1 13 12 0 1 25 37
23 38 17 17 17 17 17 17 26 51 0 15 120 9 14 25 26 1 1 1 1 1 19 36
23 16 16 16 16 16 16 16 20 15 4 121 69 3 6 27 28 1 0 1 1 0 19 24
23 16 16 16 16 16 16 16 20 13 10 67 70 11 12 1 25 17 17 17 17 17 37 24
23 16 16 16 16 16 16 16 20 15 8 3 66 6 1 1 19 16 16 16 16 16 16 24
23 16 16 16 16 16 16 16 20 13 5 5 5 12 15 14 19 16 16 16 16 16 16 24
23 16 16 16 16 16 16 16 20 1 1 0 1 0 13 12 19 16 16 16 16 16 16 24
23 16 16 16 16 16 16 16 38 17 17 17 17 17 17 17 37 16 16 16 16 16 16 24
31 22 22 22 22 22 22 22 22 22 22 22 22 22 22 22 22 22 22 22 22 22 22 32