24 30
29 21 21 33 34 21 21 21 21 21 21 21 21 21 21 21 21 21 21 21 21 21 21 30
33 16 16 16 16 16 16 16 16 16 16 16 16 16 16 16 16 16 16 16 16 16 16 24
16 16 16 16 16 40 48 49 39 40 18 18 39 40 18 18 39 40 18 18 39 16 16 34
16 16 16 16 40 28 7 6 27 28 0 1 27 28 1 1 27 28 1 1 27 18 18 39
40 18 18 18 28 15 8 9 88 4 4 14 1 15 4 4 14 1 1 1 1 1 0 19
20 1 0 0 1 7 11 5 90 10 11 12 0 7 2 2 9 14 1 1 0 0 1 19
20 0 25 26 1 13 12 0 1 7 6 1 1 13 5 5 5 12 0 1 1 1 1 19
45 4 47 38 26 0 1 25 26 13 12 25 26 1 1 25 26 1 1 25 17 17 17 37
24 2 23 16 38 17 17 37 38 17 17 37 38 17 17 37 38 17 17 37 16 16 16 40
24 2 23 16 16 16 16 16 16 16 16 16 16 16 16 16 16 16 16 16 16 16 16 45
24 2 23 16 16 16 16 16 16 16 16 16 16 16 16 16 16 16 16 16 16 16 16 24
24 11 46 16 16 16 16 16 16 16 16 16 16 16 16 16 16 16 16 16 16 16 16 24
44 12 19 40 18 18 39 40 18 18 39 40 18 18 39 40 18 18 39 16 16 16 16 34
45 14 27 28 1 57 27 28 1 1 27 28 15 14 27 28 1 1 27 18 18 39 16 16
44 12 1 15 4 166 1 1 0 0 15 4 8 9 4 4 4 14 1 1 1 27 39 16
38 26 1 13 10 98 1 1 15 14 13 10 2 2 11 10 11 12 1 1 1 1 19 16
35 20 1 1 13 12 1 1 13 12 0 13 5 5 12 13 12 0 1 0 1 1 27 39
23 38 26 0 0 25 26 15 14 25 26 1 1 25 26 0 0 25 26 1 0 1 1 19
23 16 38 17 17 37 38 43 42 37 38 17 17 37 38 17 17 37 20 0 25 26 25 37
23 16 16 16 16 16 16 16 16 16 16 16 16 16 16 16 16 16 45 4 47 38 37 16
23 16 16 16 16 16 16 16 16 16 16 16 16 16 16 16 16 36 32 3 23 16 16 16
23 16 16 16 16 16 16 16 16 16 16 16 16 16 16 16 36 32 2 29 33 16 16 16
23 16 40 39 16 16 40 48 49 18 18 48 22 22 22 22 32 3 29 33 16 16 16 36
23 16 20 19 16 16 20 13 12 0 0 13 10 2 2 3 2 29 33 16 16 16 16 24
23 40 28 27 48 35 20 41 1 25 26 1 7 29 21 21 21 33 16 16 40 18 39 24
23 38 26 25 43 33 20 0 1 19 38 26 13 19 16 16 16 16 16 16 38 17 37 24
23 16 38 37 16 16 38 17 17 37 16 38 17 37 16 16 16 16 16 16 16 16 16 24
23 16 16 16 16 16 16 16 16 16 16 16 16 16 16 16 16 16 16 16 16 16 16 24
23 16 16 16 16 16 16 16 16 16 16 16 16 16 16 16 16 16 16 16 16 16 16 24
31 22 22 22 22 22 22 22 22 22 22 22 22 22 22 22 22 22 22 22 22 22 22 32