24 30
29 21 21 21 21 21 21 21 21 21 21 21 21 21 21 21 21 21 21 21 21 21 21 30
23 16 16 16 16 16 16 16 16 16 16 16 16 16 16 16 16 16 16 16 16 16 16 24
23 16 16 16 16 16 16 16 16 16 16 16 16 16 16 16 16 16 16 16 16 16 16 24
23 16 16 16 16 16 16 16 16 16 16 16 16 16 16 16 16 16 16 16 16 16 16 24
23 16 16 16 16 16 16 16 16 16 16 16 16 16 16 16 16 16 16 16 16 16 16 24
23 16 16 16 16 16 16 16 16 16 16 16 16 16 16 16 16 16 16 16 16 16 16 24
23 16 16 16 16 16 16 16 16 16 16 16 16 16 16 16 16 16 16 16 16 16 16 24
23 16 16 16 16 16 16 16 16 16 16 16 16 16 16 16 16 16 16 16 16 16 16 24
23 36 22 22 22 22 22 22 22 22 22 22 35 16 16 16 16 16 16 16 16 16 16 24
23 24 11 5 5 5 5 5 5 5 5 10 31 35 16 16 16 16 16 16 16 16 16 24
23 44 12 0 1 1 1 1 1 1 1 13 10 31 35 16 16 16 16 16 16 16 16 24
23 20 0 0 15 4 14 1 0 1 1 1 13 10 31 35 16 16 16 16 16 16 16 24
23 20 1 1 7 3 9 14 1 1 1 0 1 13 10 31 35 16 16 16 16 16 16 24
23 45 14 0 7 29 30 9 14 0 1 1 1 1 13 10 31 35 16 16 16 16 16 24
23 24 6 1 7 23 34 30 9 14 1 1 0 1 1 13 10 31 35 16 16 16 16 24
23 24 6 0 7 23 16 34 30 9 14 1 1 1 1 1 13 10 31 35 16 16 16 24
23 24 6 1 7 23 16 16 34 30 9 14 1 0 1 0 1 13 10 31 35 16 16 24
23 24 6 1 7 23 16 16 16 34 30 9 14 1 1 0 1 1 13 10 31 35 16 24
23 24 6 0 7 23 16 16 16 16 34 30 9 14 1 1 1 15 14 13 10 31 35 34
23 24 9 4 8 23 16 16 16 16 16 34 30 9 14 0 1 7 9 4 8 2 23 16
23 44 10 3 11 46 16 16 16 16 16 16 34 30 9 14 1 7 11 5 10 3 23 16
23 20 13 5 12 19 16 16 16 16 16 16 16 34 30 9 14 7 6 0 7 3 23 16
23 20 0 41 15 47 16 16 16 16 16 16 16 16 34 30 9 8 9 4 8 3 23 36
23 20 1 0 13 46 16 16 16 16 16 16 16 16 16 34 30 3 3 3 3 3 23 24
23 38 17 17 17 37 16 16 16 16 16 16 16 16 16 16 34 21 21 21 21 21 33 24
23 16 16 16 16 16 16 16 16 16 16 16 16 16 16 16 16 16 16 16 16 16 16 24
23 16 16 16 16 16 16 16 16 16 16 16 16 16 16 16 16 16 16 16 16 16 16 24
23 16 16 16 16 16 16 16 16 16 16 16 16 16 16 16 16 16 16 16 16 16 16 24
23 16 16 16 16 16 16 16 16 16 16 16 16 16 16 16 16 16 16 16 16 16 16 24
31 22 22 22 22 22 22 22 22 22 22 22 22 22 22 22 22 22 22 22 22 22 22 32