24 30
29 21 21 21 21 21 21 21 21 21 21 21 21 21 21 21 21 21 21 21 21 21 21 30
23 16 16 16 16 16 16 16 16 16 16 16 16 16 16 16 16 16 16 16 16 16 16 24
23 16 16 16 16 16 16 16 16 16 16 16 16 16 16 16 16 16 16 16 16 16 16 24
23 16 16 16 16 16 16 16 16 16 16 16 16 16 16 16 16 16 16 16 16 16 16 24
23 16 16 16 16 16 16 16 16 16 16 16 16 16 16 16 16 16 16 16 16 16 16 24
23 16 16 16 16 16 16 16 16 16 16 16 16 16 16 16 16 16 16 16 16 16 16 24
23 16 16 16 16 16 16 16 16 16 16 16 16 16 16 16 16 16 16 16 16 16 16 24
23 16 16 16 16 16 16 16 16 16 16 16 16 16 16 16 16 16 16 16 16 16 16 24
23 16 16 16 16 16 16 16 16 16 16 16 16 16 16 16 16 16 16 16 16 16 16 24
23 16 16 16 16 16 16 16 16 16 16 16 16 16 16 16 16 16 16 16 16 16 16 24
23 16 16 16 16 16 16 16 16 16 16 16 16 16 16 16 16 16 16 16 16 16 16 24
23 16 16 16 16 16 16 16 16 16 16 16 16 16 16 16 16 16 16 16 16 16 16 24
23 16 16 16 16 16 16 16 16 16 16 16 16 16 16 16 16 16 16 16 16 16 16 24
23 16 16 16 16 16 16 16 16 16 16 16 16 16 16 16 16 16 16 16 16 16 16 24
23 16 16 16 16 16 16 16 16 16 16 16 16 16 16 16 16 16 16 16 16 16 16 24
23 16 16 16 16 16 16 16 16 16 16 16 16 16 16 16 16 16 16 16 16 16 16 24
23 16 16 16 16 16 16 16 16 16 16 16 16 16 16 16 16 16 16 16 16 16 16 24
23 16 16 16 16 16 16 16 16 16 16 16 16 16 16 16 16 16 16 16 16 16 16 24
23 16 16 16 16 16 16 16 16 16 16 16 16 16 16 16 16 16 16 16 16 16 16 34
23 16 16 16 16 16 40 18 48 22 22 49 18 39 16 16 16 16 16 16 16 16 16 16
23 16 16 16 16 16 20 41 13 10 11 12 0 19 16 16 16 16 16 16 16 16 16 16
23 16 16 16 16 16 45 14 1 13 12 1 15 47 16 16 16 16 16 16 16 16 16 16
23 16 16 16 16 16 24 9 14 0 0 15 8 23 16 16 16 16 16 16 16 16 16 36
23 16 16 16 16 16 24 11 12 0 0 13 10 23 16 16 16 16 16 16 16 16 16 24
23 16 16 16 16 16 44 12 1 15 14 1 13 46 16 16 16 16 16 16 16 16 16 24
23 16 16 16 16 16 20 0 15 8 9 14 0 19 16 16 16 16 16 16 16 16 16 24
23 16 16 16 16 16 38 17 43 21 21 42 17 37 16 16 16 16 16 16 16 16 16 24
23 16 16 16 16 16 16 16 16 16 16 16 16 16 16 16 16 16 16 16 16 16 16 24
23 16 16 16 16 16 16 16 16 16 16 16 16 16 16 16 16 16 16 16 16 16 16 24
31 22 22 22 22 22 22 22 22 22 22 22 22 22 22 22 22 22 22 22 22 22 22 32