24 30
40 18 18 18 18 18 18 18 18 18 18 18 18 18 18 18 18 18 18 18 18 18 18 39
38 26 1 1 0 1 0 1 1 1 1 1 0 1 15 4 14 1 1 1 57 1 1 19
16 38 26 0 25 17 17 26 1 0 15 89 14 0 13 10 9 14 1 0 58 57 0 19
40 18 28 1 27 18 39 20 0 1 7 66 9 14 15 8 11 12 1 1 0 60 1 19
20 0 1 1 1 1 19 38 17 17 43 21 21 42 43 21 42 17 17 26 1 51 1 19
20 1 1 1 0 1 19 16 16 16 40 18 48 35 36 49 18 18 18 28 1 1 1 19
20 1 0 0 1 1 27 18 18 18 28 1 7 31 32 9 14 1 1 0 1 15 14 19
20 1 1 0 1 1 1 1 1 0 1 15 8 3 2 29 42 17 17 26 0 7 6 19
38 17 17 17 17 17 26 0 1 1 25 43 21 30 2 31 35 16 16 20 1 7 6 19
40 18 18 18 18 18 28 57 0 0 19 40 48 32 11 10 31 49 39 20 15 8 9 47
20 1 63 1 1 1 1 53 0 1 19 20 7 3 9 8 3 6 19 45 8 11 10 23
20 1 62 1 56 1 1 58 1 1 19 20 13 10 3 11 5 12 19 24 3 9 8 23
20 1 59 0 58 1 1 0 1 1 19 20 1 13 5 12 1 1 19 24 11 10 3 23
38 17 17 17 17 17 26 1 0 1 19 20 15 14 1 25 17 17 37 44 12 13 10 23
40 18 18 18 18 18 28 1 1 1 27 28 13 12 1 19 40 18 18 28 1 1 13 46
20 1 1 1 1 1 15 4 4 14 1 1 1 0 1 19 20 1 1 1 1 1 1 19
20 1 1 1 1 15 8 2 3 6 1 0 1 0 1 19 20 1 0 1 0 0 1 19
20 1 1 1 1 13 5 5 5 12 1 1 0 64 0 19 20 1 1 0 0 1 1 19
38 26 1 0 1 25 17 17 17 17 17 26 1 54 1 27 28 1 57 1 25 17 17 37
16 20 1 1 0 19 16 40 18 18 18 28 1 52 1 25 26 0 61 1 19 16 16 16
16 20 0 0 1 19 16 20 1 0 1 1 1 170 14 19 20 1 50 1 19 16 16 16
16 20 0 1 1 27 39 20 0 1 1 15 4 8 6 19 20 1 1 15 47 16 16 16
16 38 17 17 17 26 19 20 1 0 1 13 10 2 6 19 45 4 4 8 23 16 16 16
40 18 18 18 18 28 19 20 0 0 1 25 43 21 42 37 24 3 2 3 23 16 16 16
20 0 1 1 1 65 27 28 1 0 1 27 18 18 18 48 32 3 73 2 31 22 22 35
20 1 1 1 1 58 1 1 1 1 0 1 1 15 4 8 3 11 92 10 3 3 3 23
20 63 0 41 1 1 0 1 0 1 0 1 0 13 5 10 2 6 52 13 10 2 3 23
20 54 1 1 1 0 1 1 0 1 1 1 1 1 15 8 2 9 82 4 8 3 3 23
20 59 1 1 0 1 25 17 17 17 17 17 17 17 43 21 21 21 21 21 21 21 21 33
38 17 17 17 17 17 37 16 16 16 16 16 16 16 16 16 16 16 16 16 16 16 16 16