20 20
16 16 16 16 16 16 16 16 16 16 16 16 16 16 16 16 16 16 16 16
16 16 16 16 16 16 16 16 16 16 16 16 16 16 16 16 16 16 16 16
16 16 22 22 22 22 22 22 16 16 16 22 22 22 22 22 22 16 16 16
16 24 15 0 0 0 0 0 19 16 20 15 4 4 4 4 14 19 16 16
16 24 7 2 2 2 2 2 23 16 20 2 2 2 2 2 6 19 16 16
16 24 7 3 3 2 2 2 23 16 20 2 3 2 2 2 6 19 16 16
16 24 7 2 3 3 2 2 23 16 20 2 3 3 2 2 6 19 16 16
16 24 7 2 2 3 3 2 19 16 20 2 2 3 3 2 6 19 16 16
16 24 7 2 2 2 2 3 19 16 20 2 2 2 3 2 6 19 16 16
16 24 7 2 3 2 2 12 27 18 28 13 2 2 3 3 6 19 16 16
16 24 7 2 3 2 2 6 0 0 0 7 2 3 3 3 6 19 16 16
16 24 7 2 3 2 2 12 0 0 1 7 3 3 2 2 6 19 16 16
16 24 7 2 2 3 2 14 25 17 26 15 3 2 2 2 6 19 16 16
16 24 7 2 2 3 2 2 19 16 20 2 3 2 3 2 6 19 16 16
16 24 7 2 2 2 3 2 23 16 20 2 3 2 3 2 6 19 16 16
16 24 7 2 2 2 2 2 23 16 24 2 3 2 3 2 6 19 16 16
16 24 13 0 0 0 0 29 16 16 16 30 5 5 5 5 12 19 16 16
16 16 17 21 21 17 21 16 16 16 16 16 21 21 21 21 21 16 16 16
16 16 16 16 16 16 16 16 16 16 16 16 16 16 16 16 16 16 16 16
16 16 16 16 16 16 16 16 16 16 16 16 16 16 16 16 16 16 16 16