20 20
16 16 16 16 16 16 16 16 16 16 16 16 16 16 16 16 16 16 16 16
16 16 16 16 16 16 16 16 16 16 16 16 16 16 16 16 16 16 16 16
16 40 18 18 18 18 18 18 39 16 16 16 16 16 16 16 16 16 16 16
16 20 0 1 1 1 1 1 19 16 16 16 16 16 16 16 16 16 16 16
16 20 1 0 1 1 0 0 19 16 16 16 16 16 16 16 16 16 16 16
16 20 0 1 0 1 1 1 27 18 18 18 18 18 18 39 16 16 16 16
16 20 0 1 15 4 4 14 15 4 4 4 4 4 14 19 16 16 16 16
16 20 15 14 13 10 3 6 7 2 79 2 2 2 6 19 16 16 16 16
16 20 7 9 14 13 10 6 7 3 78 3 2 3 6 19 16 16 16 16
16 20 7 3 9 14 13 12 7 3 75 3 3 2 6 19 16 16 16 16
16 20 13 5 5 12 1 0 13 5 5 5 5 5 12 19 16 16 16 16
16 38 17 17 17 17 17 17 17 17 17 17 17 17 17 37 16 16 16 16
16 16 16 16 16 16 16 16 16 16 16 16 16 16 16 16 16 16 16 16
16 16 16 16 16 16 16 16 16 16 16 16 16 16 16 16 16 16 16 16
16 16 16 16 16 16 16 16 16 16 16 16 16 16 16 16 16 16 16 16
16 16 16 16 16 16 16 16 16 16 16 16 16 16 16 16 16 16 16 16
16 16 16 16 16 16 16 16 16 16 16 16 16 16 16 16 16 16 16 16
16 16 16 16 16 16 16 16 16 16 16 16 16 16 16 16 16 16 16 16
16 16 16 16 16 16 16 16 16 16 16 16 16 16 16 16 16 16 16 16
16 16 16 16 16 16 16 16 16 16 16 16 16 16 16 16 16 16 16 16