20 20
16 16 16 16 16 16 16 16 16 16 16 16 16 16 16 16 16 16 16 16
16 16 16 16 16 16 16 16 16 16 16 16 16 16 16 16 16 16 16 16
16 40 18 18 18 18 18 18 39 16 16 16 16 16 16 16 16 16 16 16
16 20 0 0 1 1 1 0 19 16 16 16 16 16 16 16 16 16 16 16
16 20 0 0 1 1 55 0 19 16 16 16 16 16 16 16 16 16 16 16
16 20 0 15 4 14 174 14 19 16 16 16 16 16 16 16 16 16 16 16
16 20 0 13 10 9 114 6 19 16 16 16 16 16 16 16 16 16 16 16
16 20 15 14 13 10 3 6 19 16 16 16 16 16 16 16 16 16 16 16
16 20 7 9 14 13 10 6 19 16 16 16 16 16 16 16 16 16 16 16
16 20 7 2 9 14 13 12 19 16 16 16 16 16 16 16 16 16 16 16
16 20 13 5 5 12 1 0 19 16 16 16 16 16 16 16 16 16 16 16
16 38 17 17 17 17 17 17 37 16 16 16 16 16 16 16 16 16 16 16
16 16 16 16 16 16 16 16 16 16 16 16 16 16 16 16 16 16 16 16
16 16 16 16 16 16 16 16 16 16 16 16 16 16 16 16 16 16 16 16
16 16 16 16 16 16 16 16 16 16 16 16 16 16 16 16 16 16 16 16
16 16 16 16 16 16 16 16 16 16 16 16 16 16 16 16 16 16 16 16
16 16 16 16 16 16 16 16 16 16 16 16 16 16 16 16 16 16 16 16
16 16 16 16 16 16 16 16 16 16 16 16 16 16 16 16 16 16 16 16
16 16 16 16 16 16 16 16 16 16 16 16 16 16 16 16 16 16 16 16
16 16 16 16 16 16 16 16 16 16 16 16 16 16 16 16 16 16 16 16